244 2
233 1
91 4
54 12
232 1
35 1
48 21
53 15
51 22
47 6
20320 1
56 17
93 4
67 214
42 12
75 31
55 22
89 162
41 33
57 15
8482 57
37 1
22909 1
84 656
79 173
52 17
50 35
69 319
122 213
74 71
78 140
85 70
76 131
8212 126
40 33
63 220
113 323
45 135
8217 150
58 61
86 44
82 115
234 6
8216 44
88 2
8226 4
8364 1
100 16725
44 5109
117 10342
77 308
101 45776
110 24219
114 20761
68 133
10 7744
98 4766
111 25082
109 10237
121 7761
103 5779
119 7366
72 318
66 255
106 431
83 351
70 215
107 1729
112 5953
108 12593
95 84
104 19445
99 9061
32 71777
120 675
102 8507
8221 304
46 3145
33 239
116 29723
87 287
97 26318
71 201
115 20822
65 425
118 3785
230 21
105 21393
59 976
73 3184
81 1
8220 491
49 106
80 181
36 2
